0.0 2.4495 -0.8165
0.1 2.5046 -0.735874
0.2 2.5623 -0.665596
0.3 2.6227 -0.603793
0.4 2.6862 -0.548936
0.5 2.7527 -0.500032
0.6 2.8227 -0.456098
0.7 2.8963 -0.416485
0.8 2.9738 -0.380614
0.9 3.0555 -0.348016
1.0 3.1416 -0.318308
1.1 3.2327 -0.291175
1.2 3.3289 -0.266336
1.3 3.4309 -0.243529
1.4 3.539 -0.222581
1.5 3.6538 -0.203307
1.6 3.776 -0.185545
1.7 3.9061 -0.169178
1.8 4.0451 -0.154068
1.9 4.1937 -0.140124
2.0 4.3529 -0.127247
2.1 4.524 -0.115361
2.2 4.7081 -0.104383
2.3 4.9069 -0.0942448
2.4 5.1219 -0.0848934
2.5 5.3553 -0.0762671
2.6 5.6094 -0.0683178
2.7 5.887 -0.0609993
2.8 6.1914 -0.0542698
2.9 6.5264 -0.0480929
3.0 6.8969 -0.0424291
3.1 7.3085 -0.0372515
3.2 7.7684 -0.0325243
3.3 8.2851 -0.0282228
3.4 8.8696 -0.02432
3.5 9.5359 -0.020791
3.6 10.3016 -0.0176145
3.7 11.1904 -0.0147681
3.8 12.2336 -0.0122321
3.9 13.4739 -0.00998817
4.0 14.9716 -0.00801802
4.1 16.8138 -0.00630524
4.2 19.1317 -0.0048334
4.3 22.1317 -0.00358741
4.4 26.159 -0.00255252
4.5 31.8365 -0.00171456
4.6 40.4133 -0.00105971
4.7 54.8107 -0.000574462
4.8 83.8129 -0.000245345
4.9 171.434 -5.86816e-05
4.93 246.792 -2.83377e-05
4.95 347.4 -1.43111e-05


4.95 347.4 -1.43111e-05
4.95 347.4 -1.43111e-05
1.0 3.1416 -0.318329
1.0 3.1416 -0.318329