
0.0 1.7321 -1.15467 2.0
0.1 1.771 -1.0407 2.0
0.2 1.8118 -0.941334 2.0
0.3 1.8546 -0.853857 2.0
0.4 1.8994 -0.776359 2.0
0.5 1.9465 -0.70714 2.0
0.6 1.996 -0.645007 2.0
0.7 2.048 -0.589012 2.0
0.8 2.1028 -0.538282 2.0
0.9 2.1606 -0.492166 2.0
1.0 2.2215 -0.450175 2.0
1.1 2.2858 -0.411818 2.0
4.95 245.649 -2.02389e-05 2.0
1.2 2.3539 -0.376661 2.0
1.3 2.426 -0.344414 2.0
1.4 2.5024 -0.314798 2.0
1.5 2.5836 -0.287532 2.0
1.6 2.67 -0.262412 2.0
1.7 2.7621 -0.239246 2.0
1.8 2.8603 -0.217892 2.0
1.9 2.9654 -0.198169 2.0
2.0 3.078 -0.179962 2.0
3.0 4.8769 -0.0600049 2.0
4.0 10.5865 -0.0113395 2.0
2.1 3.1989 -0.163153 2.0
2.2 3.3292 -0.147617 2.0
2.3 3.4697 -0.133285 2.0
2.4 3.6218 -0.120055 2.0
2.5 3.7868 -0.107858 2.0
2.6 3.9665 -0.0966147 2.0
2.7 4.1628 -0.0862647 2.0
2.8 4.378 -0.0767494 2.0
2.9 4.6149 -0.0680133 2.0
3.1 5.1679 -0.0526819 2.0
3.2 5.4931 -0.0459966 2.0
3.3 5.8585 -0.0399128 2.0