1e-05 0.00046623
0.01001 0.000480371
0.02001 0.000495122
0.03001 0.000510533
0.04001 0.000526637
0.05001 0.00054347
0.06001 0.00056107
0.07001 0.000579475
0.08001 0.000598729
0.09001 0.000618852
0.10001 0.000639935
0.11001 0.000661981
0.12001 0.000685066
0.13001 0.000709268
0.14001 0.000734595
0.15001 0.000761134
0.16001 0.000788948
0.17001 0.000818105
0.18001 0.000848677
0.19001 0.000880741
0.20001 0.000914406
0.21001 0.000949697
0.22001 0.000986734
0.23001 0.00102561
0.24001 0.00106646
0.25001 0.00110933
0.26001 0.00115439
0.27001 0.00120172
0.28001 0.00125147
0.29001 0.00130375
0.30001 0.0013587
0.31001 0.00141653
0.32001 0.00147729
0.33001 0.00154126
0.34001 0.00160859
0.35001 0.0016794
0.36001 0.00175397
0.37001 0.00183252
0.38001 0.00191516
0.39001 0.00200224
0.40001 0.00209401
0.41001 0.00219063
0.42001 0.00229255
0.43001 0.00239988
0.44001 0.00251314
0.45001 0.00263246
0.46001 0.00275841
0.47001 0.00289114
0.48001 0.00303129
0.49001 0.00317905
0.50001 0.00333511
0.51001 0.00349977
0.52001 0.00367356
0.53001 0.00385718
0.54001 0.00405103
0.55001 0.00425571
0.56001 0.00447196
0.57001 0.00470046
0.58001 0.00494195
0.59001 0.00519709
0.60001 0.0054668
0.61001 0.00575196
0.62001 0.00605349
0.63001 0.00637225
0.64001 0.00670939
0.65001 0.00706603
0.66001 0.00744335
0.67001 0.0078426
0.68001 0.00826494
0.69001 0.00871194
0.70001 0.00918508
0.71001 0.00968598
0.72001 0.0102163
0.73001 0.0107779
0.74001 0.0113724
0.75001 0.012002
0.76001 0.0126693
0.77001 0.0133759
0.78001 0.0141245
0.79001 0.0149178
0.80001 0.0157585
0.81001 0.0166495
0.82001 0.0175937
0.83001 0.0185949
0.84001 0.0196564
0.85001 0.0207816
0.86001 0.0219751
0.87001 0.0232405
0.88001 0.024583
0.89001 0.0260067
0.90001 0.027517
0.91001 0.0291198
0.92001 0.0308201
0.93001 0.0326243
0.94001 0.034539
0.95001 0.0365717
0.96001 0.0387288
0.97001 0.0410187
0.98001 0.0434498
0.99001 0.046031
1.00001 0.0487717
1.01001 0.0516823
1.02001 0.0547733
1.03001 0.0580569
1.04001 0.0615442
1.05001 0.0652486
1.06001 0.0691842
1.07001 0.0733655
1.08001 0.0778084
1.09001 0.0825296
1.10001 0.0875469
1.11001 0.0928793
1.12001 0.098547
1.13001 0.104572
1.14001 0.110977
1.15001 0.117786
1.16001 0.125025
1.17001 0.132722
1.18001 0.140907
1.19001 0.149612
1.20001 0.158869
1.21001 0.168714
1.22001 0.179186
1.23001 0.190326
1.24001 0.202178
1.25001 0.214785
1.26001 0.228199
1.27001 0.242473
1.28001 0.25766
1.29001 0.273821
1.30001 0.291022
1.31001 0.309327
1.32001 0.328811
1.33001 0.349551
1.34001 0.371627
1.35001 0.39513
1.36001 0.42015
1.37001 0.44679
1.38001 0.475154
1.39001 0.505357
1.40001 0.537519
1.41001 0.571769
1.42001 0.608245
1.43001 0.647095
1.44001 0.688474
1.45001 0.73255
1.46001 0.779502
1.47001 0.829519
1.48001 0.882804
1.49001 0.939575
1.50001 1.00006
1.51001 1.06451
1.52001 1.13319
1.53001 1.20637
1.54001 1.28436
1.55001 1.36748
1.56001 1.45607
1.57001 1.55049
1.58001 1.65113
1.59001 1.75841
1.60001 1.87277
1.61001 1.99468
1.62001 2.12465
1.63001 2.26322
1.64001 2.41097
1.65001 2.5685
1.66001 2.73648
1.67001 2.91561
1.68001 3.10663
1.69001 3.31035
1.70001 3.52761
1.71001 3.75933
1.72001 4.00649
1.73001 4.27011
1.74001 4.5513
1.75001 4.85127
1.76001 5.17128
1.77001 5.51267
1.78001 5.87689
1.79001 6.26545
1.80001 6.68006
1.81001 7.12246
1.82001 7.59447
1.83001 8.0982
1.84001 8.63576
1.85001 9.20936
1.86001 9.82158
1.87001 10.4749
1.88001 11.1723
1.89001 11.9167
1.90001 12.7111
1.91001 13.5592
1.92001 14.4644
1.93001 15.4308
1.94001 16.4624
1.95001 17.5639
1.96001 18.7396
1.97001 19.995
1.98001 21.3355
1.99001 22.7667
2.00001 24.2951
2.01001 25.9269
2.02001 27.6695
2.03001 29.5307
2.04001 31.518
2.05001 33.6404
2.06001 35.9076
2.07001 38.3286
2.08001 40.9145
2.09001 43.6765
2.10001 46.6268
2.11001 49.7788
2.12001 53.1454
2.13001 56.7417
2.14001 60.5837
2.15001 64.6883
2.16001 69.0735
2.17001 73.7587
2.18001 78.7655
2.19001 84.1143
2.20001 89.8294
2.21001 95.9364
2.22001 102.462
2.23001 109.436
2.24001 116.888
2.25001 124.852
2.26001 133.363
2.27001 142.46
2.28001 152.18
2.29001 162.571
2.30001 173.677
2.31001 185.549
2.32001 198.238
2.33001 211.802
2.34001 226.302
2.35001 241.799
2.36001 258.37
2.37001 276.085
2.38001 295.024
2.39001 315.273
2.40001 336.916
2.41001 360.063
2.42001 384.812
2.43001 411.268
2.44001 439.564
2.45001 469.821
2.46001 502.177
2.47001 536.768
2.48001 573.769
2.49001 613.329
2.50001 655.648
2.51001 700.908
2.52001 749.3
2.53001 801.072
2.54001 856.431
2.55001 915.66
2.56001 978.994
2.57001 1046.76
2.58001 1119.23
2.59001 1196.77
2.60001 1279.69
2.61001 1368.43
2.62001 1463.33
2.63001 1564.86
2.64001 1673.51
2.65001 1789.72
2.66001 1914.1
2.67001 2047.13
2.68001 2189.46
2.69001 2341.81
2.70001 2504.77
2.71001 2679.14
2.72001 2865.79
2.73001 3065.46
2.74001 3279.13
2.75001 3507.79
2.76001 3752.57
2.77001 4014.45
2.78001 4294.72
2.79001 4594.67
2.80001 4915.81
2.81001 5259.42
2.82001 5627.18
2.83001 6020.82
2.84001 6442.15
2.85001 6893.14
2.86001 7375.89
2.87001 7892.65
2.88001 8446.03
2.89001 9038.21
2.90001 9672.15
2.91001 10350.8
2.92001 11077.4
2.93001 11855.2
2.94001 12688
2.95001 13579.6
2.96001 14534.2
2.97001 15556.3
2.98001 16650.6
2.99001 17822.4
3.00001 19077
3.01001 20420.5
3.02001 21858.6
3.03001 23399
3.04001 25048.6
3.05001 26815.2
3.06001 28707
3.07001 30732.9
3.08001 32902.6
3.09001 35225.3
3.10001 37713.9
3.11001 40379.2
3.12001 43233.8
3.13001 46291.3
3.14001 49564.7
3.15001 53072.3
3.16001 56829.3
3.17001 60853.7
3.18001 65162.6
3.19001 69780.2
3.20001 74726.6
3.21001 80023
3.22001 85699.2
3.23001 91780.1
3.24001 98291.6
3.25001 105270
3.26001 112747
3.27001 120754
3.28001 129336
3.29001 138527
3.30001 148378
3.31001 158933
3.32001 170238
3.33001 182355
3.34001 195334
3.35001 209247
3.36001 224149
3.37001 240124
3.38001 257235
3.39001 275579
3.40001 295229
3.41001 316296
3.42001 338862
3.43001 363057
3.44001 388975
3.45001 416752
3.46001 446535
3.47001 478441
3.48001 512653
3.49001 549304
3.50001 588588
3.51001 630713
3.52001 675845
3.53001 724219
3.54001 776097
3.55001 831679
3.56001 891259
3.57001 955158
3.58001 1.02362e+06
3.59001 1.09702e+06
3.60001 1.17569e+06
3.61001 1.26008e+06
3.62001 1.3505e+06
3.63001 1.44744e+06
3.64001 1.55136e+06
3.65001 1.66278e+06
3.66001 1.7823e+06
3.67001 1.91037e+06
3.68001 2.04768e+06
3.69001 2.1949e+06
3.70001 2.35276e+06
3.71001 2.522e+06
3.72001 2.70348e+06
3.73001 2.89816e+06
3.74001 3.10681e+06
3.75001 3.33055e+06
3.76001 3.57045e+06
3.77001 3.82771e+06
3.78001 4.10358e+06
3.79001 4.3994e+06
3.80001 4.71663e+06
3.81001 5.05683e+06
3.82001 5.42166e+06
3.83001 5.81291e+06
3.84001 6.2325e+06
3.85001 6.6825e+06
3.86001 7.16511e+06
3.87001 7.6827e+06
3.88001 8.23783e+06
3.89001 8.83322e+06
3.90001 9.4718e+06
3.91001 1.01567e+07
3.92001 1.08914e+07
3.93001 1.16793e+07
3.94001 1.25245e+07
3.95001 1.34311e+07
3.96001 1.44029e+07
3.97001 1.5446e+07
3.98001 1.65649e+07
3.99001 1.77651e+07
