139312 155286 162548 166808 169629 171642 173153 174330 175273 176046 176691 177238 177707 178115 178471 178787 179067 179319 179545 179750 179936 180107 180263 180407 180540 180663 180777 180884 180983 181076 181164 181246 181323 181396 181465 181530 181592 181650 181706 181759 181809 181857 181903 181947 181989 182029 182068 182105 182141 182175 
139025 162031 172145 178063 181981 184774 186868 188499 189805 190875 191767 192523 193171 193734 194226 194661 195048 195395 195707 195989 196246 196481 196696 196894 197077 197246 197404 197550 197687 197815 197935 198048 198154 198254 198349 198438 198523 198604 198680 198753 198822 198888 198951 199012 199069 199124 199177 199228 199277 199324 
131736 160131 171747 178442 182843 185967 188303 190118 191569 192755 193744 194580 195298 195919 196463 196944 197370 197752 198096 198408 198691 198949 199186 199404 199605 199791 199965 200126 200276 200417 200549 200673 200790 200900 201004 201102 201195 201283 201367 201447 201523 201596 201665 201731 201795 201855 201913 201969 202023 202074 
124190 157167 169778 176953 181641 184958 187432 189350 190882 192134 193176 194057 194812 195466 196038 196543 196992 197393 197754 198081 198378 198650 198898 199127 199338 199534 199715 199884 200042 200189 200328 200458 200580 200695 200804 200907 201005 201098 201186 201269 201349 201425 201498 201567 201633 201697 201758 201816 201872 201926 
117509 154437 167773 175281 180164 183609 186175 188162 189747 191041 192118 193028 193807 194483 195073 195594 196056 196470 196842 197179 197485 197765 198021 198257 198474 198675 198862 199036 199199 199351 199493 199627 199753 199872 199984 200090 200190 200286 200376 200462 200544 200623 200697 200769 200837 200902 200965 201025 201082 201138 
111778 152122 166013 173768 178794 182332 184964 187000 188623 189947 191049 191979 192776 193466 194069 194601 195073 195496 195876 196220 196533 196818 197079 197320 197542 197747 197938 198115 198281 198436 198582 198718 198846 198968 199082 199190 199293 199390 199482 199570 199654 199733 199809 199882 199952 200018 200082 200143 200202 200259 
106892 150189 164520 172466 177600 181210 183891 185964 187616 188963 190083 191029 191839 192540 193152 193693 194173 194602 194988 195337 195654 195944 196209 196453 196678 196887 197080 197261 197429 197586 197733 197872 198002 198125 198241 198351 198455 198553 198647 198736 198821 198902 198979 199053 199123 199191 199256 199318 199377 199435 
102718 148568 163257 171356 176577 180242 182963 185065 186739 188104 189238 190196 191016 191726 192346 192892 193378 193812 194203 194556 194877 195170 195438 195685 195913 196124 196320 196502 196672 196831 196980 197120 197252 197376 197493 197604 197709 197809 197904 197994 198080 198161 198240 198314 198385 198454 198519 198582 198642 198700 
99134 147199 162185 170409 175700 179410 182163 184288 185980 187359 188505 189473 190300 191017 191643 192195 192685 193124 193518 193874 194198 194494 194765 195014 195244 195456 195654 195838 196009 196170 196320 196461 196594 196720 196838 196950 197056 197156 197252 197343 197429 197512 197591 197666 197738 197807 197873 197936 197997 198055 
96039 146030 161267 169595 174945 178692 181471 183615 185322 186712 187868 188844 189678 190400 191031 191588 192082 192523 192920 193279 193606 193904 194176 194427 194659 194873 195072 195257 195430 195592 195743 195886 196019 196146 196265 196377 196484 196585 196682 196773 196860 196943 197023 197098 197171 197240 197307 197370 197432 197490 
93349 145023 160475 168891 174289 178068 180869 183029 184748 186149 187312 188294 189134 189861 190497 191056 191553 191998 192398 192759 193087 193387 193661 193914 194147 194362 194563 194749 194923 195085 195238 195381 195515 195642 195762 195876 195983 196085 196182 196274 196361 196445 196525 196601 196674 196743 196810 196874 196936 196995 
90996 144147 159784 168277 173717 177523 180342 182516 184245 185654 186825 187812 188657 189388 190027 190589 191089 191536 191938 192301 192631 192932 193208 193462 193696 193913 194114 194301 194476 194639 194792 194936 195071 195199 195320 195433 195541 195644 195741 195833 195922 196005 196086 196162 196235 196306 196373 196437 196499 196558 
88926 143380 159179 167737 173213 177042 179877 182063 183802 185218 186394 187386 188235 188970 189611 190177 190679 191128 191531 191896 192228 192530 192807 193062 193297 193515 193717 193905 194080 194244 194398 194543 194679 194807 194928 195042 195150 195253 195351 195444 195532 195616 195697 195774 195847 195918 195985 196050 196112 196172 
87093 142702 158644 167259 172767 176616 179465 181662 183408 184830 186012 187008 187861 188598 189242 189810 190314 190764 191170 191536 191869 192172 192450 192706 192942 193161 193364 193552 193728 193893 194047 194192 194329 194457 194579 194694 194802 194906 195004 195097 195186 195270 195351 195428 195502 195572 195640 195705 195767 195827 
85462 142099 158167 166834 172370 176237 179098 181303 183057 184484 185670 186670 187526 188266 188912 189482 189988 190440 190846 191214 191548 191852 192131 192388 192625 192844 193047 193237 193413 193579 193734 193879 194016 194145 194267 194382 194491 194594 194693 194786 194875 194960 195041 195119 195193 195263 195331 195396 195459 195519 
84002 141559 157741 166453 172014 175896 178768 180982 182741 184174 185363 186367 187225 187967 188616 189187 189694 190148 190556 190924 191259 191565 191844 192102 192339 192559 192763 192953 193130 193296 193451 193597 193734 193864 193986 194101 194211 194315 194413 194507 194596 194681 194762 194840 194914 194985 195053 195119 195181 195242 
82689 141073 157357 166110 171692 175589 178471 180691 182456 183893 185086 186093 186953 187698 188348 188921 189430 189884 190293 190663 190998 191305 191585 191843 192081 192302 192506 192697 192874 193040 193196 193342 193480 193610 193732 193848 193958 194062 194160 194254 194344 194429 194511 194588 194663 194734 194802 194868 194931 194991 
81503 140634 157010 165799 171402 175311 178201 180428 182198 183639 184835 185844 186707 187453 188105 188679 189189 189645 190055 190425 190762 191069 191350 191609 191847 192068 192273 192464 192642 192809 192965 193111 193249 193379 193502 193618 193728 193832 193931 194025 194115 194200 194282 194360 194435 194506 194574 194640 194703 194763 
80427 140235 156695 165517 171137 175058 177956 180189 181963 183407 184606 185618 186483 187230 187884 188459 188970 189427 189838 190209 190546 190854 191136 191395 191634 191855 192061 192252 192430 192597 192754 192900 193039 193169 193292 193408 193518 193623 193722 193816 193906 193992 194074 194152 194226 194298 194367 194432 194495 194556 
79447 139871 156407 165259 170896 174827 177732 179970 181748 183196 184397 185411 186277 187027 187681 188258 188770 189228 189639 190011 190349 190657 190940 191199 191439 191661 191867 192058 192237 192404 192561 192708 192846 192977 193100 193216 193327 193431 193531 193625 193715 193801 193883 193961 194036 194108 194176 194242 194305 194366 
78551 139537 156143 165023 170675 174615 177527 179770 181551 183002 184206 185221 186089 186840 187496 188074 188586 189045 189457 189830 190168 190477 190760 191020 191260 191482 191688 191880 192059 192226 192383 192531 192669 192800 192923 193040 193151 193255 193355 193450 193540 193626 193708 193786 193861 193933 194002 194068 194131 194192 
77728 139230 155901 164805 170471 174420 177338 179585 181370 182823 184029 185046 185916 186668 187325 187904 188417 188876 189289 189662 190001 190311 190594 190855 191095 191317 191524 191716 191895 192063 192220 192368 192506 192637 192761 192878 192988 193093 193193 193288 193378 193464 193547 193625 193700 193772 193841 193907 193970 194031 
76972 138947 155677 164605 170283 174240 177163 179414 181203 182658 183866 184885 185756 186509 187167 187746 188261 188721 189134 189508 189847 190157 190441 190702 190942 191165 191372 191564 191744 191912 192069 192217 192356 192487 192611 192728 192839 192944 193044 193139 193229 193315 193397 193476 193551 193623 193692 193758 193822 193883 
76273 138685 155470 164419 170109 174073 177002 179256 181048 182505 183715 184735 185607 186362 187020 187601 188116 188577 188990 189365 189705 190015 190299 190560 190801 191024 191231 191424 191604 191772 191929 192077 192216 192348 192472 192589 192700 192805 192905 193000 193091 193177 193259 193338 193413 193485 193554 193621 193684 193745 
75626 138442 155278 164247 169948 173918 176852 179110 180903 182363 183574 184596 185470 186225 186884 187466 187981 188443 188857 189232 189572 189883 190167 190429 190670 190893 191100 191293 191473 191642 191799 191947 192087 192218 192342 192459 192571 192676 192776 192871 192962 193048 193131 193210 193285 193357 193426 193493 193556 193617 
75026 138215 155099 164087 169797 173774 176712 178973 180769 182231 183444 184467 185341 186097 186758 187340 187856 188318 188733 189108 189448 189759 190044 190306 190548 190771 190979 191172 191352 191520 191678 191826 191966 192098 192222 192339 192450 192556 192656 192751 192842 192929 193011 193090 193165 193238 193307 193373 193437 193498 
74467 138004 154933 163937 169657 173640 176581 178846 180644 182107 183322 184346 185221 185978 186640 187222 187739 188201 188617 188992 189333 189644 189929 190191 190433 190657 190865 191058 191238 191407 191565 191714 191853 191985 192109 192227 192338 192444 192544 192639 192730 192817 192899 192978 193054 193126 193195 193262 193326 193387 
73946 137807 154777 163797 169526 173514 176459 178727 180527 181992 183208 184233 185109 185867 186529 187112 187630 188092 188508 188884 189225 189537 189822 190084 190326 190550 190758 190952 191132 191301 191459 191608 191748 191879 192004 192122 192233 192339 192439 192535 192625 192712 192795 192874 192949 193022 193091 193158 193221 193283 
73458 137622 154631 163666 169403 173396 176345 178615 180417 181884 183101 184127 185004 185763 186425 187009 187527 187990 188406 188782 189124 189436 189721 189984 190226 190450 190658 190852 191033 191202 191360 191509 191649 191781 191905 192023 192134 192240 192341 192436 192527 192614 192697 192776 192852 192924 192993 193060 193124 193185 
73002 137449 154494 163543 169287 173286 176238 178510 180314 181782 183000 184027 184905 185665 186328 186912 187430 187894 188310 188687 189029 189341 189627 189890 190132 190356 190565 190758 190939 191108 191267 191416 191556 191688 191812 191930 192042 192148 192248 192344 192435 192522 192605 192684 192759 192832 192901 192968 193032 193093 
72573 137285 154365 163428 169179 173182 176137 178411 180217 181686 182906 183934 184813 185572 186236 186821 187340 187803 188220 188597 188939 189252 189538 189801 190043 190268 190476 190670 190851 191021 191179 191328 191468 191600 191725 191843 191955 192061 192161 192257 192348 192435 192518 192597 192673 192745 192815 192882 192945 193007 
72170 137132 154243 163319 169077 173084 176042 178318 180126 181596 182816 183845 184725 185485 186150 186735 187254 187718 188135 188512 188855 189167 189454 189717 189960 190185 190393 190587 190768 190938 191096 191245 191386 191518 191643 191761 191872 191978 192079 192175 192266 192353 192436 192515 192591 192664 192733 192800 192864 192925 
71791 136986 154129 163216 168980 172991 175952 178230 180039 181511 182732 183762 184642 185403 186068 186653 187173 187638 188055 188432 188775 189088 189374 189638 189881 190106 190314 190509 190690 190859 191018 191167 191308 191440 191565 191683 191795 191901 192002 192097 192189 192276 192359 192438 192514 192587 192656 192723 192787 192849 
71432 136849 154020 163118 168889 172903 175867 178147 179957 181430 182653 183683 184564 185326 185991 186577 187097 187561 187979 188357 188700 189013 189299 189563 189806 190031 190240 190434 190616 190785 190944 191093 191234 191366 191491 191609 191721 191827 191928 192024 192115 192203 192286 192365 192441 192514 192583 192650 192714 192776 
71094 136719 153917 163026 168802 172820 175786 178068 179880 181354 182577 183608 184490 185252 185917 186504 187024 187489 187907 188285 188628 188941 189228 189492 189735 189961 190170 190364 190545 190715 190874 191023 191164 191296 191421 191540 191652 191758 191859 191955 192046 192133 192216 192296 192372 192444 192514 192581 192645 192707 
70773 136596 153820 162939 168720 172742 175710 177993 179807 181282 182505 183537 184419 185182 185848 186435 186955 187421 187839 188217 188561 188874 189161 189425 189668 189894 190103 190297 190479 190649 190808 190957 191098 191230 191355 191474 191586 191692 191793 191889 191980 192067 192151 192230 192306 192379 192449 192515 192580 192641 
70470 136479 153728 162856 168642 172667 175637 177923 179737 181213 182437 183470 184353 185116 185782 186369 186890 187356 187774 188153 188496 188810 189097 189361 189604 189830 190039 190234 190415 190585 190744 190894 191035 191167 191292 191411 191523 191629 191730 191826 191918 192005 192088 192168 192244 192316 192386 192453 192517 192579 
70181 136367 153640 162777 168568 172596 175568 177855 179671 181147 182373 183406 184289 185053 185719 186307 186828 187294 187713 188091 188435 188749 189036 189300 189544 189769 189979 190173 190355 190525 190684 190834 190975 191107 191233 191351 191463 191570 191671 191767 191858 191945 192029 192108 192184 192257 192327 192394 192458 192520 
69908 136261 153556 162702 168497 172528 175502 177791 179607 181085 182311 183345 184229 184992 185660 186247 186769 187235 187654 188033 188377 188690 188978 189242 189486 189712 189921 190116 190298 190468 190627 190777 190918 191050 191176 191294 191406 191513 191614 191710 191802 191889 191972 192052 192128 192201 192271 192338 192402 192464 
69647 136160 153476 162630 168430 172464 175440 177730 179547 181026 182253 183287 184171 184935 185603 186191 186712 187179 187598 187977 188321 188635 188923 189187 189431 189657 189866 190061 190243 190413 190573 190722 190863 190996 191121 191240 191352 191459 191560 191656 191748 191835 191918 191998 192074 192147 192217 192284 192348 192410 
69399 136064 153400 162562 168366 172402 175380 177671 179490 180969 182196 183231 184116 184880 185548 186136 186659 187125 187544 187924 188268 188582 188870 189134 189378 189604 189814 190009 190191 190361 190521 190670 190811 190944 191069 191188 191300 191407 191508 191604 191696 191783 191867 191946 192023 192095 192165 192232 192297 192359 
69162 135972 153328 162497 168305 172343 175323 177615 179435 180915 182143 183178 184063 184828 185496 186085 186607 187074 187493 187873 188217 188531 188819 189084 189328 189554 189764 189959 190141 190311 190471 190621 190762 190894 191020 191139 191251 191358 191459 191555 191647 191734 191818 191897 191973 192046 192116 192183 192248 192310 
68936 135884 153258 162434 168246 172287 175268 177562 179382 180863 182092 183128 184013 184778 185447 186035 186558 187025 187445 187824 188169 188483 188771 189036 189280 189506 189716 189911 190093 190264 190423 190573 190714 190847 190973 191091 191204 191310 191412 191508 191600 191687 191770 191850 191926 191999 192069 192136 192201 192263 
68720 135799 153192 162374 168190 172233 175216 177511 179332 180814 182043 183079 183965 184730 185399 185988 186511 186978 187398 187777 188122 188437 188725 188990 189234 189460 189670 189865 190048 190218 190378 190528 190669 190802 190927 191046 191158 191265 191366 191463 191554 191642 191725 191805 191881 191954 192024 192091 192156 192218 
68513 135719 153128 162317 168136 172182 175166 177462 179284 180766 181996 183033 183919 184685 185353 185943 186466 186933 187353 187733 188078 188392 188680 188945 189190 189416 189626 189821 190004 190174 190334 190484 190625 190758 190884 191002 191115 191222 191323 191419 191511 191599 191682 191762 191838 191911 191981 192048 192113 192175 
68315 135641 153067 162262 168085 172132 175118 177415 179238 180721 181951 182988 183874 184641 185310 185899 186422 186890 187310 187690 188035 188350 188638 188903 189148 189374 189584 189779 189962 190132 190292 190442 190583 190716 190842 190961 191073 191180 191281 191378 191470 191557 191641 191721 191797 191870 191940 192007 192072 192133 
68125 135567 153008 162210 168035 172085 175072 177370 179193 180677 181908 182945 183832 184598 185268 185857 186381 186848 187269 187649 187994 188309 188597 188862 189107 189333 189543 189739 189921 190092 190252 190402 190543 190676 190802 190921 191033 191140 191242 191338 191430 191517 191601 191681 191757 191830 191900 191967 192032 192094 
67943 135495 152952 162159 167988 172039 175028 177326 179151 180635 181866 182904 183791 184558 185228 185817 186341 186809 187229 187609 187955 188270 188558 188823 189068 189294 189505 189700 189883 190053 190213 190363 190505 190638 190764 190882 190995 191102 191203 191300 191392 191479 191563 191643 191719 191792 191862 191929 191994 192056 
67769 135427 152898 162110 167942 171995 174985 177285 179110 180595 181826 182864 183752 184519 185189 185779 186303 186771 187191 187571 187917 188232 188520 188786 189031 189257 189467 189663 189845 190016 190176 190326 190468 190601 190727 190845 190958 191065 191166 191263 191355 191442 191526 191606 191682 191756 191826 191893 191957 192019 
67601 135361 152846 162064 167898 171953 174944 177245 179071 180556 181788 182826 183714 184481 185152 185742 186266 186734 187155 187535 187880 188196 188484 188750 188994 189221 189431 189627 189810 189980 190140 190291 190432 190565 190691 190810 190923 191030 191131 191228 191319 191407 191491 191571 191647 191720 191790 191858 191922 191984 
